1332	90    95     46     883

3332    90    90     843    48

132     93    94     80     85

1432    30    19     86     48

1432    40    95     84     38

1532    10    947    146    84

1362    95    91     844    14

1322    24    93     833    38

1232    40    35     222    58

1332    50    15     111    77

2332    66    35     46     58

4332    91    35     846    88

1532    91    45     876    88

1332    91    88     846    88

6332    90    95     876    883

5332    90    95     846    88

1332    94    95     846    78

1332    95    95     346    68

6332    91    95     846    58

7332    98    95     846    38

1432    10    95     546    88

1332    20    95     746    98

1632    50    95     776    18
